# Created by Octave 3.8.0, Fri Mar 21 09:11:42 2014 GMT <alouisos@louizosdrossmbp>
# name: mape
# type: scalar
17.26894629788235


